10000000000000100000000001000100
10000000000001110000000001000000
10000000111000110000000001000101
00000000111000100010000000100101
00000000011001000010100000100100
00000000101001000010100000100000
00010000101001110000000000001000
00000000011001000011000000101010
00010000110000000000000000000001
10000000000001010000000000000000
00000000111000100011000000101010
00000000110001010011100000100000
00000000111000100011100000100010
00001000000000000000000000001111
10000000000001110000000000000000
10100000010001110000000001000111
00000000000000000000000000000011
00000000000000000000000000000101
00000000000000000000000000001100
